1,568320,,1786958793,1657214489
1,12586,,739863742,1612402575
1,12588,,950941683,1612402580
1,12590,,1750544868,1612402586
1,26992,,1046197579,1612450997
1,26994,,1512590311,1612451003
1,26996,,739790305,1612451011
1,26998,,746952164,1612451017
1,27000,,427123595,1612451023
1,27004,,950868295,1612451034
1,141937,,427774084,1612847504
1,155050,,1474134974,1612896564
1,212496,,868711124,1613100382
1,404828,,1506850719,1624408483
1,546615,,1683008624,1641516494
15,42829,,740608351,1761218778
15,42830,,1913826002,1761218785
15,42828,,1254556978,1761218513
