15,52888|52891|52892,,8813328038,1766756978
15,52895|52897,,4427110031,1766757371
15,52885,,2387893514,1766756786
15,52239|52244|52245,,8813328046,1766638005
15,52206|52210|52211,,8813329043,1766636968
15,52222|52224,,4427110039,1766637814
15,52197|52198,,4427111039,1766636689
15,52193,,2387894510,1766636421
1,14866,,851999466,1612409611
1,15072,,1116435938,1612410240
1,37268,,1278363646,1612495316
1,87944,,737024443,1612677502
1,134214,,737024443,1612823803
1,217941,,737024443,1613117132
1,311346,,955507098,1613428561
1,326956,,445392833,1613515412
1,430069,,1706495602,1626935704
1,427184,,749835366,1626804583
1,427183,,851999466,1626804558
1,427182,,1092850470,1626804533
1,427181,,1278363646,1626804507
1,427180,,1347366407,1626804482
1,427179,,1540875533,1626804457
1,427178,,1542863274,1626804431
1,229416,,639959609,1613151921
1,229417,,2624732451,1613151922
1,37269,,1469678026,1612495317
1,68331,,735544853,1612590037
2,32480,,3975449580,1725586010
2,32478,,2624732451,1725585595