15,59432,,2023651607,1770825154
15,59434,,4045727255,1770825458
15,59435,,4097193068,1770825458
15,59438|59439,,4395517707,1770825502
15,59440,,2657464606,1770825519
15,60515|60520|60523,,8994327731,1771430658
15,59443,,2304105589,1770825749
15,59445,,3394120788,1770825946
15,59447,,3692444522,1770825959
15,59449|59456,,6206433179,1770825980
15,59451|59458|59462,,8994326374,1770826092
15,59466|59472,,6181952241,1770826735
15,59467|59470|59473,,8994326390,1770826752
15,60125,,1217981077,1771201313