15,42573,,819716617,1761183339
15,42575,,1559970331,1761183409
15,42576,,3667483891,1761183427
15,42588,,1926922383,1761184373
15,42590,,819714906,1761184501
15,42593,,2506529909,1761184652
15,42596,,3558084302,1761184849
15,42599|42601,,7118518274,1761185077
15,42604|42607|42609,,10519274913,1761185479
15,42640|42643,,6771962916,1761188336
15,42645|42647,,6604242832,1761188664
15,42646|42649,,6771962959,1761188777
15,42651,,2922554599,1761189105
15,42653|42654,,6604242816,1761189137
15,42656,,3525528602,1761189342
15,42658,,3116704209,1761189427
15,42660,,1930086616,1761189473
15,42662,,2584103085,1761189576
15,42664,,4138174552,1761189728
15,42666,,3580541485,1761189772
15,42668,,2245135902,1761189852
15,42670,,2050950369,1761189877
15,42672,,2653919895,1761190065
15,42674,,3412819007,1761190073
15,42676,,448528116,1761190123
15,42677,,754429790,1761190253
15,42678,,1325759412,1761190255
15,42679,,448528966,1761190314
15,42680,,448527981,1761190318
15,42681,,754430653,1761190440
15,42682,,754429656,1761190443
15,42683,,448528576,1761190513
15,42684,,754431084,1761190551
15,42686,,754430252,1761190585
15,42687,,301241662,1761190607
15,42688,,301243065,1761190630
15,42692,,448529400,1761190678
15,42797,,3643317704,1761196033