15,44325,,1414911389,1761870743
15,44327,,1836542272,1761870798
15,44330,,1514326003,1761870906
15,44334,,3575747146,1761871113
15,44336,,3094707995,1761871134
15,44393,,295147387,1761876739
15,44395,,457679320,1761876798
15,44397,,769926304,1761876904
15,44391,,769936019,1761876701
15,44401,,295157066,1761877029
15,44402,,457689002,1761877063
15,44398,,295156647,1761876925
15,44399,,457688566,1761876958
15,44400,,769935561,1761877008
15,44392,,295156107,1761876727
15,44394,,457688018,1761876784
15,44396,,769935045,1761876892
15,44629,,1365892444,1762009611