15,39089,,2079446400,1760108360
15,39091,,1330988463,1760108384
15,39093,,563788626,1760108419
15,39144,,638238665,1760110333
15,39152,,2079445760,1760110462
15,39339,,1783972871,1760155630
15,39341,,3272573981,1760155704
15,39389,,1577879445,1760158763
15,39391,,2877169800,1760158806
15,39416,,3272573350,1760159848
15,43885,,570831319,1761641430
15,43889,,2310715085,1761641530
15,43890,,1714995852,1761641594
15,43894,,893849173,1761641749
15,43898,,991770162,1761641880
15,42839,,766621563,1761231037
15,42843,,2717760256,1761231120
15,42848,,2873267465,1761232408