1,570428,,2838345954,1657635463
1,425881,,1362209081,1626770052
1,223123,,992275787,1613132957
1,190889,,536957459,1613006333
1,8754,,1680589084,1612384937
1,8756,,955262247,1612384942
1,68415,,1028415847,1612590296
1,70788,,1362209081,1612597610
1,152800,,1439540764,1612889698
1,188675,,1362208945,1612999565
1,215879,,1207482187,1613110763
1,222569,,430511694,1613131279
1,223976,,714433788,1613135541
1,264617,,1284304503,1613259565
1,287206,,1207482187,1613343398
1,297744,,1284270506,1613387469
1,304944,,1197605010,1613408958