15,44283,,2291379027,1761868355
15,44285,,2929546144,1761868476
15,44310,,1633925736,1761869701
15,44312,,3811367510,1761869825
15,44375,,297564592,1761876211
15,44376,,465829559,1761876245
15,44378,,783269117,1761876295
15,44379,,297564546,1761876341
15,44381,,465829512,1761876390
15,44383,,783269067,1761876491
15,44385,,297564535,1761876522
15,44386,,465829497,1761876579
15,44389,,783269056,1761876689
15,44382,,465829514,1761876409
15,44384,,783269075,1761876511
15,44380,,465829562,1761876347
15,44387,,783269118,1761876597
15,44428,,3192104962,1761897151
15,44429,,1543906972,1761969506
15,44430,,809410424,1761969514
15,44427,,1641866109,1761897136
15,45390,,3811368340,1762166906
15,45377,,3811679416,1762165709
15,45395|45396|45397|45398,,13275062777,1762167479
16,65125|65126,,4457828168,1762168372
16,65121|65122|65123|65124,,13921207786,1762168359
16,65117|65118|65119|65120,,13848593674,1762168347
16,65113|65114|65115|65116,,16524767963,1762168334
