15,41313,,1757510616,1760668107
15,41422,,277266013,1760673046
15,41423,,429492263,1760673056
15,41424,,740992594,1760673065
15,41425,,726901718,1760673074
15,41426,,1032634289,1760673084
15,41427,,1337252886,1760673094
15,41428,,1646077093,1760673113
15,41429,,277464767,1760673130
15,41430,,429691011,1760673141
15,41431,,741191340,1760673152
15,41433,,727100473,1760673170
15,41434,,1032833107,1760673187
15,41435,,1337451654,1760673198
15,41436,,1646275853,1760673209
15,41437,,2216186885,1760673223
