15,42892,,3893297969,1761275094
15,42899,,3990301492,1761276144
15,42906,,897076777,1761276759
15,42908,,1678865096,1761276873
15,42910,,1141372491,1761276895
15,42912,,3929826679,1761277108
15,42914,,3893105869,1761277173
15,42916|42917,,4221313018,1761277400
15,42919|42920|42922,,12037293790,1761277427
15,42921|42923|42924,,12470430136,1761277707
15,42945,,897076960,1761282773
15,42949,,3929826863,1761283064
15,42962,,3150178962,1761283791
15,42972,,1065339016,1761284216
15,42974,,1139683479,1761284258
15,42976,,2464131253,1761284314
15,42978,,1935274250,1761284393
15,42980|42981,,4197649716,1761284554
15,42983|42984,,4215502904,1761284641
15,42992|42997|43000,,12456408990,1761284957
15,43018,,1141372491,1761292177
15,43023|43024,,4221313018,1761292342
15,43060|43063|43067,,12470430136,1761293706
