16,71479|71480,,5168332026,1767448797
16,71477,,1957258304,1767448791
16,71476,,1025037459,1767448788
15,53294,,1280181637,1767145585
15,53296|53297,,5227127082,1767145620
15,53299,,2823974279,1767145705
15,53328|53329,,5227127074,1767146816
15,53481|53483,,5227127206,1767199543
15,53477,,2058683616,1767199260
15,53921|53924,,5229604101,1767406512
15,53925|53926,,7632867644,1767406682
15,53303,,893041342,1767145815
15,53311,,2823973577,1767145990
15,53398,,362400533,1767149032
15,53406,,2823974589,1767149266
15,53907,,543136705,1767405955
15,53910,,1460918098,1767406049
15,53915,,2937094681,1767406164
15,53917,,1941504609,1767406229
15,53919,,3425376425,1767406334
15,53922,,3425375401,1767406538
15,53913,,542823329,1767406099