15,40940,,908845030,1755928717
15,40941,,882518967,1755928757
15,40942,,787634130,1755928792
15,40943,,883967130,1755928832
15,40944,,907370908,1755928870
15,40945,,916686849,1755928930
15,40946,,922496599,1755928972
15,40947,,876211393,1755929010
15,40948,,885653728,1755929065
15,40949,,937411110,1755929106
15,40950,,1086177841,1742756297
15,40951,,3579306668,1742756585
15,40952,,349321750,1742756818
15,40953,,4063034729,1742756811
15,40954,,732886384,1742756932
15,40955,,885398391,1742757058
15,40956,,607298493,1742386675
15,40957,,1258105179,1742387399
