1,18720,,637096076,1612421399
15,53194|53195,,8293926280,1766887979
15,53192|53193,,4915527019,1766887924
15,53190,,3510185143,1766887750
15,53188,,2528860345,1766887648
1,576656,,3601755585,1661073600
1,576657,,1016522291,1661074864
1,576658,,577002369,1661074864
1,576659,,1362892255,1661076906
1,568535,,2786957559,1657353770
1,263995,,1559480464,1613257669
1,263997,,1011854897,1613257674
1,264363,,1570901260,1613258790
1,786,,710045102,1612332012
1,788,,903714389,1612332043
1,792,,413219233,1612332104
1,800,,1272396876,1612332227
1,886,,934377034,1612333543
1,133724,,902016716,1612822284
1,153088,,1403322398,1612890585
1,188657,,1272516777,1612999510
1,203886,,1279249383,1613061790
1,223851,,233593135,1613135161
1,228191,,806066189,1613148219
1,231338,,1450568416,1613157746
1,281666,,1345683460,1613326393
1,291020,,1466727513,1613366904
1,263999|220807,,142751,1613257680
1,95324,,244637,1612700206
1,340285,,121557,1613556205
1,341945,,176552,1613561238
1,341957,,150505,1613561275
1,341965,,153631,1613561298
1,311796,,495918268,1613429937
1,311798,,243503335,1613429943
1,311800,,1408119307,1613429948
1,330344,,739687417,1613525769
1,340315,,1298814363,1613556294
1,340461,,145307,1613556736
1,341967,,1449426578,1613561304
1,343362,,120807,1613565543
1,346826,,1439666652,1613576027
1,346828,,146890,1613576032
1,346830,,149720,1613576038
1,346832,,134287,1613576044
1,346848,,176848,1613576093
1,566455,,948882861,1650215521
1,566456,,1394411842,1650215687
1,578617,,910998446,1662868708
1,578616,,134885,1662868696
1,209972,TAM,435075591,1613080352
1,425863,TAM,760444669,1626769519
1,330848,TAM,1011855090,1613527306
1,425862,TAM,1143206893,1626769494
1,331638,TEL,699576075,1613529700