1,15680,,834265671,1612412101
1,15678,,1390584232,1612412096
1,15682,,519205222,1612412107
1,18076,,724182656,1612419441
1,83920,,425191146,1612665189
1,87622,,486500773,1612676516
1,87768|87774,,834712528,1612676963
1,87778|87770,,1289518551,1612676972
1,89714,,1276685115,1612682969
1,90458|90456,,752434766,1612685247
1,90570,,524219529,1612685600
1,90578,,836324695,1612685623
1,90762,,715296328,1612686187
1,90832|90836,,743800077,1612686405
1,90460|90834,,452686684,1612686411
1,83921,,3979546036,1612665190
1,90464|90462|90756,,1559292601,1612685270
15,53086|53087,,5600112132,1766823823