16,68076,,3665808977,1766454527
16,68077,,1370579742,1766454530
16,68080|68081,,7754177057,1766454828
16,68078,,622938624,1766454533
16,68079,,622678157,1766454537
1,576232,,3471000853,1660785476
1,576473,,1824903731,1660787070
1,576474,,1319060899,1660787076
1,576475,,919370855,1660787082
1,567376,,1735703564,1653237344
1,567378,,1735639894,1653237636
1,567379,,1749850128,1653237762
1,567380,,1949081920,1653238214
1,567381,,1747339786,1653238640
1,572429,,3587220129,1659315377
1,572427,,3584258505,1659293073
1,572426,,3717210159,1659289102
1,572428,,3710659149,1659315349
16,68082|68083|68084|68085,,4266877060,1766455225