16,61696,,2926572038,1742458341
16,61694,,945897302,1742458423
16,61692,,240599854,1742458454
16,61667,,278890251,1741884036
16,61666,,696815627,1741865551
16,61654,,499773078,1749450562
16,61646,,1631781009,1749450064
16,61641,,3254805565,1743681752
16,61623,,946487491,1741868721
16,61622,,353861283,1741868643
16,61621,,3174865152,1741856524
16,61620,,1555527791,1741856449
16,61619,,1194185717,1741857162
16,61618,,688346249,1741857029
16,41997,,3174865152,1741854972
16,41975,,1194185717,1741856982