16,66101,,2061542147,1764860222
16,66097,,1985581452,1764859866
16,66091,,1848181411,1764856297
16,66083,,738476553,1764860863
16,66074,,969995999,1764855814
16,66071,,613754707,1764855632
16,66061,,381151260,1764855063
16,66048,,1183350336,1764861379
16,66042,,327867942,1764859059
16,66027,,684870058,1764836209
16,66024,,1919300825,1764833751
16,65996,,1598095360,1764960571
16,65988,,1183349975,1764962887
16,66142,,738476362,1765107873
16,66134,,827101397,1765107438
16,66127,,1183350145,1765106706
16,66119,,2061541955,1765094064
16,66115,,1985581424,1765093640
16,66106,,594497707,1765093164
