16,66100,,2358888033,1764860184
16,66090,,2221767761,1764856180
16,66084,,1344699549,1764860962
16,66081,,2446345091,1764860703
16,66072,,1120131946,1764855702
16,66069,,739613732,1764855559
16,66060,,425880163,1764855011
16,66056,,816648518,1764861830
16,66041,,369797655,1764859013
16,66036,,2296626240,1764858845
16,66028,,814467257,1764836306
16,65995,,2446344671,1764960440
16,65987,,1344699130,1764962431
16,66140,,816648265,1765107775
16,66133,,964175150,1765107431
16,66126,,1344699300,1765106701
16,66121,,2446344841,1765094210
16,66113,,2358887984,1765093536
16,66105,,650441378,1765093101
