15,52478,,1019848063,1766714242
15,52466,,509390260,1766713795
15,52468,,4087892086,1766713807
15,52479,,3265406332,1766714266
15,52481,,4089823282,1766714356
15,52553|52556,,4745123928,1766716113
15,52669,,3262227784,1766719082
15,52677,,3263475175,1766719452
15,52558,,332500993,1766716214
15,52566,,926319378,1766716493
15,52565,,2738882778,1766716408
15,52692,,3753517431,1766720006
15,52684,,4086644704,1766719754
15,52687,,899033537,1766719870
15,52729,,1618578273,1766721332
15,53909,,3919057865,1767406048