16,66094,,2387290654,1764858980
16,66088,,2240229212,1764855997
16,66080,,2439671151,1764860541
16,66067,,1093563835,1764855427
16,66066,,781571765,1764855362
16,66058,,415247640,1764854899
16,66055,,770711360,1764861744
16,66046,,1292994967,1764861166
16,66039,,365440977,1764858940
16,66034,,2306709224,1764858685
16,66030,,848046713,1764836337
16,65993,,2439670709,1764960222
16,65985,,1292994528,1764961248
16,66138,,770711089,1765107661
16,66131,,980997577,1765107314
16,66124,,1292994698,1765094503
16,66117,,2439670881,1765093826
16,66112,,2387290569,1765093505
16,66103,,614673150,1765093016