16,66095,,2417610017,1764859719
16,66086,,2255164534,1764855907
16,66082,,1421653058,1764860810
16,66078,,2479596376,1764860382
16,66065,,1197232941,1764855300
16,66064,,838593098,1764855265
16,66057,,495298399,1764854870
16,66052,,883086060,1764861635
16,66038,,439250990,1764858913
16,66035,,2329974113,1764858715
16,66029,,913397406,1764836312
16,65992,,2479595949,1764960114
16,65984,,1421652631,1764960793
16,66137,,883085801,1765107653
16,66130,,1063006917,1765107201
16,66123,,1421652801,1765094329
16,66116,,2479596119,1765093791
16,66109,,2417610034,1765093275
16,66102,,719711950,1765093012