15,49107,,807726454,1765458005
15,49109,,3828789984,1765458276
15,50376,,279398850,1765682669
15,50378,,690680273,1765682669
15,50380,,1541981769,1765682670
15,50383,,4054707454,1765682670
15,50386,,164526087,1765682696
15,50387,,279324955,1765682696
15,50388,,481099043,1765682696
15,50389,,645502768,1765682696
15,50390,,852515980,1765682696
15,50394,,554856968,1765682722
15,50395,,1033763161,1765682722
15,50396,,1912641996,1765682722
15,50397,,4054560743,1765682722
15,50398,,164526087,1765682722
15,50399,,279324955,1765682722
15,50400,,481099043,1765682722
15,50401,,852515980,1765682722