16,66096,,2705465914,1764859853
16,66089,,2550028205,1764856093
16,66085,,1566094059,1764861069
16,66079,,2793375429,1764860529
16,66070,,1322759237,1764855571
16,66068,,882276243,1764855470
16,66059,,486149518,1764854960
16,66051,,933020798,1764861574
16,66040,,425378110,1764858972
16,66037,,2631143727,1764858860
16,66033,,963385500,1764858572
16,65994,,2793374992,1764960338
16,65986,,1566093618,1764961892
16,66139,,933020527,1765107772
16,66132,,1125604795,1765107334
16,66125,,1566093788,1765094511
16,66120,,2793375162,1765094205
16,66114,,2705465965,1765093639
16,66104,,729477874,1765093098