16,61697,,3340912195,1742458392
16,61695,,1276072521,1742458449
16,61693,,302677150,1742458463
16,61669,,303875593,1742518221
16,61668,,725258231,1742490592
16,61655,,573456863,1749450575
16,61647,,1972856056,1749450109
16,61631,,984396437,1742493169
16,61630,,381661922,1742493116
16,61629,,3599137145,1742475942
16,61628,,1114767656,1742516587
16,61627,,758676262,1742516520
16,61626,,535233521,1742516472
16,61625,,345885512,1742516415
16,61624,,213911137,1742516386
16,42256,,3600053203,1742461341