16,66099,,1864507484,1764860089
16,66098,,1810782858,1764860068
16,66092,,1670091063,1764856404
16,66076,,896939879,1764855878
16,66073,,585728094,1764855703
16,66062,,351761343,1764855101
16,66049,,674986196,1764861480
16,66047,,1091350561,1764861241
16,66044,,303208842,1764859098
16,66032,,650529187,1764858548
16,66025,,1734895968,1764833757
16,65997,,1864507062,1764960696
16,65989,,1091350138,1764963272
16,66141,,674985942,1765107872
16,66135,,780132217,1765107543
16,66128,,1091350308,1765106849
16,66118,,1864507232,1765094017
16,66110,,1810782813,1765093346
16,66107,,546165291,1765093174
