16,70939,,98543770,1717705052
16,70935,,236190635,1717705541
16,70931,,567333295,1717707173
16,70927,,73715438,1717723477
16,70923,,225578711,1717723555
16,70919,,567326217,1717725077
16,70666,,73715438,1724836352
16,70598,,225578711,1724840230
16,70547,,567326217,1724843032
16,51487,,588635906,1750856969
16,70939,,98543770,1717705052
16,70935,,236190635,1717705541
16,70931,,567333295,1717707173
16,70927,,73715438,1717723477
16,70923,,225578711,1717723555
16,70919,,567326217,1717725077
16,70666,,73715438,1724836352
16,70598,,225578711,1724840230
16,70547,,567326217,1724843032
16,51487,,588635906,1750856969