16,66093,,2292186179,1764856488
16,66087,,1183071848,1764855963
16,66077,,2422115092,1764860339
16,66075,,876628978,1764855814
16,66063,,526951834,1764855166
16,66054,,883493494,1764861737
16,66053,,2518073372,1764861648
16,66050,,1408949586,1764861542
16,66045,,470540373,1764859160
16,66043,,951919157,1764859087
16,66026,,2367481608,1764833842
16,65998,,2261942272,1764960792
16,65990,,1408949153,1764963705
16,66143,,883493228,1765108192
16,66136,,1102500613,1765107567
16,66129,,1408949323,1765106867
16,66122,,2518073108,1765094319
16,66111,,2422114980,1765093389
16,66108,,752822988,1765093224